0,1.9211755843,1.6996258257,1.4968350634,2.0795947482,1.6607776968,1.9849600246,0.6889382585,1.8310704665,1.7312012415,1.7803113435,1.0651512381,1.8324006207,1.4748641261,2.4003383854,2.7314819667,2.4019719905,1.6099362267,2.8234052058,2.0936060566,1.2315981223,2.8686836807,2.0848575277,1.7361705451,2.587269217,2.5488165517,1.8701380209,1.9993413875,2.6474294499,2.8636035679,0.9099711473,2.3361917059,1.5286037137,1.185554026,1.2971467144,2.0958341473,2.8298014019,1.9224982494,1.3004622178,2.1933650193,2.9142938814,2.6943422022,1.1257600746,1.5506970367,1.6819518959,2.9919689038,1.3869268562,2.9509241432,2.07131225,0.8699451484,2.959074703,1.5780619684,2.2984270706,2.6945825835,1.2906875936,1.2657389171,1.3841752008,1.9111411255,1.7165146253,0.9925881816,1.0144278026,1.0077510566,0.6690717245,1.0260418157,1.9218816665,1.3454717104,1.5904340452,1.0058039601,0.5185777829,2.4781967256,2.2639371491,2.9719134601,1.5447585196,1.8379692526,1.6644266763,1.3938308953,2.0838914841,1.0201233873,2.3265283736,0.7000862683,1.7987360503,1.8125328669,0.9659542256,1.5518986547,0.959553086,0.5680860539,2.6608147602,2.9597196988,2.1559651188,2.0043280586,2.4988224918,1.5869277965,1.876288606,2.5634496524,1.1729188742,2.6983075061,2.0291002355,1.8910896077,2.3369833073,1.0127134021,0.9117257336,1.2302848538,2.2705270068,1.7349560031,1.1507601286,1.1133055864,2.3981268761,0.827411377,1.6023819102,1.085010776,2.2969195725,1.4372486025,1.9811004104,0.8313812967,1.9096694773,1.6069737611,1.5136493804,1.6286098179,1.2598300746,2.719206432,1.4192576304,1.1990804837,1.1161544766,1.9859825274,1.6818840331,0.8065798168,1.5239008608,1.5352827558,1.4843638952,1.5053499567,1.2793989378,1.5087203008,1.4058915201,0.5940141868,1.9514409999,1.8174964616,2.8594680211,2.969811717,2.749325094,1.3702573603,1.1180640893,2.7118844989,1.6074937758,1.6789408464,3.019587248,2.228420975,0.3484508099,1.8545756016,2.0135173328,2.9933944747,0.3864285615
1.9211755843,0,0.610082332,1.0572033579,1.6632573034,2.2386437255,0.8117619898,1.4968668627,1.6135391165,1.2268347323,1.0206100539,1.4802447911,2.8488017887,1.0831319903,2.1440437599,1.4753220963,1.9602428196,1.258132482,1.6114598393,1.8387367883,1.7732965389,1.9968257687,1.3871696424,1.9439757008,2.1146806224,2.0945442523,0.7588416549,2.1410579563,2.0800790234,1.6827677734,1.4563729329,2.3131701404,2.1254388551,1.9786471889,1.82271483,1.4395751255,2.2997018213,1.7193193331,1.9982485964,1.6901044937,1.9503891356,2.0433192961,1.1993770874,1.1595274664,0.6308953458,2.270720876,1.6005287454,2.2512180333,1.6024482945,1.6180073387,2.1497630804,0.379289242,1.8623785014,1.4283498333,2.3764248381,1.4517034777,0.550634225,0.9645991926,1.5559935843,1.5949465296,1.2747611558,1.5750366931,1.9830386096,2.1524985454,1.4383165841,1.6839908593,1.2180094693,1.6477478451,1.8211177062,1.5061986676,1.2514543658,1.7207875025,1.8162885314,1.1111579843,1.7251699706,2.2773006476,1.3059155032,1.6937128863,1.0779835818,1.9142658635,1.8954592883,1.6083445995,1.2247508978,2.1424640675,1.4740275542,1.4670448255,1.5188715551,1.948019754,1.056542284,1.6810324506,1.7186929105,1.8721687965,1.9849693781,2.0902732752,1.6355749651,2.2074855877,1.5050559038,1.5903626998,1.7519034016,1.6709741431,1.2031679754,1.7880279499,1.5085987205,2.1051943935,1.4337381244,1.6363498918,2.1127323354,1.7934234862,1.9159186113,1.1745272308,1.6796821094,0.9512242491,1.8967183378,1.2937613083,1.6747792106,2.0439409136,1.0939010979,1.9170048076,2.2709461691,2.5014388411,1.0549973634,1.7080242982,1.6907302669,2.680972424,1.4755753959,1.3501459721,1.8887209648,1.8184539734,1.1835817329,1.220352938,1.3257004498,1.1835362648,1.5087519261,1.7588438975,1.960126584,2.0892338437,2.0155955251,2.1415876925,2.2398817881,2.1647511322,1.5544640737,1.9655423058,1.1263148764,1.6932638741,1.891462505,2.1275477103,1.8604733451,2.0455342144,2.2525537965,1.5812998832,1.8235175872
1.6996258257,0.610082332,0,1.16433453,1.8401442884,1.7419435385,1.0612037228,1.4819672116,1.227763781,1.5077234506,0.4426061429,1.4281239906,2.3805942041,1.0607265536,2.6168879231,1.8490474673,1.449181576,0.7861408541,1.8209471981,1.9486411091,1.584146792,2.1199413443,1.7506888794,2.3175177193,2.3607464869,2.3309933189,0.679160445,2.450547186,2.1813373036,1.8134884175,1.1999058849,2.5034375661,2.0571456372,1.8481913796,1.6190845343,1.6113891141,2.0990531656,2.1503633125,1.9636243035,2.1306621805,2.0120149414,2.1903688565,1.0394266313,1.5497692002,0.5742132282,2.1087192765,1.7014173994,2.1087271363,2.0388958097,1.7110272896,2.1287293375,0.6709104098,2.3878690364,1.4946126417,2.0057941876,1.4992136716,0.5019114799,1.4029906152,1.5061075542,1.584648539,1.312781881,1.5614605656,1.8659814302,1.9470722358,1.8647585236,1.4919300127,1.621534443,1.6843454682,1.4398606952,2.0917921557,1.8188176894,1.8356571661,2.1463442176,1.566205357,2.0845834099,2.4946311567,1.5367229139,1.680607028,1.208231913,1.834972255,2.2640791245,1.6372637825,1.3406794332,2.4282988722,1.6192840825,1.1637872687,1.491562687,2.3057668198,0.9865079851,1.9021718652,1.9148029301,1.82694439,2.1898634006,1.993645237,1.5365529162,2.2678150539,1.5574655069,1.5802025094,1.8228096781,1.6418518775,1.2568316534,1.8596682661,1.6789185708,2.4012987353,1.2001710114,1.6115823361,2.2645745773,1.545328501,1.9446430921,0.7027396943,2.0376494873,1.0775049613,2.3417169865,0.9180330645,2.093070567,1.6524111697,1.0633059851,1.4825562485,2.0031858041,2.2984705415,1.0887873453,1.7332257506,1.8052760944,2.3245449835,1.6399579169,1.3036755533,1.7040423663,2.0829843279,1.5334919156,1.5795540426,1.6026010681,1.4501130737,1.8296154136,1.7578552756,2.3939206879,1.8332255038,2.3029967471,2.2058838993,2.3729240644,2.2996136374,1.2503219958,2.2417007792,1.481781818,1.1084011056,2.1723665437,2.6022978227,1.6913691853,2.3532946708,1.8560166623,1.8099337508,1.7567596722
1.4968350634,1.0572033579,1.16433453,0,0.7908577429,2.7787931635,0.5516286728,1.5943887319,1.4790736098,2.024555805,1.5351286674,1.7471244787,2.8601055762,1.6965734957,1.6679582279,1.6452795016,2.0674601396,1.1080558401,1.3555559893,2.4210984658,2.0487189295,2.0124094441,1.9950479522,1.7479364751,2.2237199836,2.2768083432,1.5060741536,1.3276123107,1.779180438,1.4429601743,0.7971865308,1.7453350348,1.9036727697,2.1932004109,2.6397952628,0.6795195559,2.358089547,1.6792345755,2.4524123615,1.2393787152,2.0088372072,1.8723447271,1.5702172549,1.1880265819,1.4785868207,2.1994046669,2.2772844484,2.2454434577,1.3421604335,1.4366216796,2.0633284939,0.9558018761,1.7887280761,1.331057173,2.4440506596,2.2507417133,0.9115803323,1.5513761632,2.2682843751,2.1425359757,2.0105349553,2.1550095244,2.0273053098,2.3224669803,1.1780288207,2.4989972785,1.1820248789,2.0885526034,1.6059094885,1.6147625754,1.3036836576,1.5650216049,1.6361069888,1.8884396958,1.735091423,1.7780879479,1.896614925,1.8463127039,1.4881595685,1.8214025582,1.7509948494,2.1820818014,1.1256556121,1.8758527765,1.2538159071,1.3211708708,1.3826443724,1.7614200398,1.5521012374,2.3071277176,2.0552635774,2.6313477229,1.3417232551,2.3567972477,2.3999323789,2.2421000449,2.0850192695,2.226982159,2.1643701462,2.1977224454,1.1785091451,1.9613166227,1.9714292067,1.7560082006,1.8087150132,1.8844239263,1.4708267869,1.8102442906,2.5384258288,1.2574714804,1.2625568934,1.4894898932,1.8096587999,1.2795433907,1.5911329232,2.4913880642,1.8467825158,2.4553504649,2.5042961915,2.3043295777,1.9787471183,2.2623774824,1.7475373517,3.0109044019,1.5217027927,1.3902263385,2.3137819092,1.7922030512,1.2935599176,1.3064288473,1.2359825194,1.5685365617,1.3050145449,1.8569018156,1.7098897069,2.6987371109,1.7603791002,1.963928807,2.0741459752,2.0145872839,1.0450576821,1.5590677829,1.4660659908,2.0133325094,1.7206997957,1.8080666147,1.2434231792,1.5291871018,2.7329463746,1.5243037132,1.701678824
2.0795947482,1.6632573034,1.8401442884,0.7908577429,0,2.8383007597,0.8772321446,1.9033518472,1.7904352642,2.2205874345,2.1860871786,1.7393507063,2.4108390892,1.7626618459,1.4276284224,1.4388656873,2.2677841763,1.5993420986,0.965631625,2.3669350155,2.6284465123,1.6685841575,2.0241362392,1.3575246282,1.8414434887,1.9391409471,1.9531870847,1.0177686756,1.3058386805,1.08067424,1.3669556303,1.0244257764,1.557135435,1.7922854301,3.0225537183,0.2761841651,1.9595504224,1.0048748854,3.0641666772,0.6614191442,1.7340067368,1.442020729,2.008539213,1.5576464582,2.1198112171,1.8562222935,2.7187907811,1.9915966111,0.7654703302,1.780987308,1.7325753384,1.6709076381,1.3722245763,1.1863730055,2.4670731281,2.7049833957,1.6790991764,1.2834210717,2.4868384612,2.6564948091,2.4184066484,2.6615322539,2.6323777929,2.8569015344,0.8064112505,2.8792455801,1.0800385704,2.6301975755,2.2640856855,1.5582999804,1.462093458,1.2343737656,1.3980246484,2.0860689579,1.156163764,1.8715761918,1.9715978843,1.6483617416,1.6134878967,1.9361584276,1.0080225092,2.4103729146,1.8084988987,1.4602128152,1.8087824325,2.0456935555,1.2572114719,1.2495477929,1.8154318674,2.3110466198,1.9025030371,2.8209042374,0.8071189248,2.2508663305,2.8980544224,1.8947277492,2.1805169656,2.3684291062,2.1019195942,2.7305711452,1.8980603311,1.3992872948,1.9497986845,0.9846747346,2.0746170162,1.6292049098,0.7632636879,2.4127094849,2.8255359212,1.9935131533,0.7528879389,1.6545200548,1.2193983872,2.0280380398,0.9281262761,2.5198303183,1.7783671534,2.6429289885,2.8770581782,1.8166722317,2.3968089962,2.8118449795,1.4726100675,2.3764236876,1.1657501786,1.9447969837,2.8455938654,1.0871393999,1.4717317947,1.4561289782,1.6140268389,1.3257816532,1.5917388672,2.4132128855,1.4740106913,2.607927355,1.207592055,1.5333258848,1.6791216858,1.3153686812,1.500102162,0.9445121147,1.3206038398,2.6615459137,1.2426344913,1.6522030501,1.753541434,0.7778855521,2.357103757,1.2234004269,2.2617316635
1.6607776968,2.2386437255,1.7419435385,2.7787931635,2.8383007597,0,2.7830595483,1.4734300378,1.8562205336,1.5566932143,1.3263335223,1.9262059661,0.9817370006,1.7346939152,2.0568129946,1.8299970337,1.5412218946,1.8667868999,2.2181743377,0.9702925292,1.2396476675,1.5764402244,1.4845259056,2.2037154183,1.3545226342,1.2434167341,1.9266127048,2.2842955052,2.3038844774,2.1546204048,2.3013284566,2.3418598524,1.8753477389,1.8070879878,1.5121771146,2.996618273,1.6725472228,2.5499446974,1.225517928,2.8463950012,1.5752386119,2.2532771163,1.6816794651,2.6656108532,1.701100971,1.8389947316,1.3192244143,1.7353606319,2.7934699694,1.9559726256,1.7466551161,2.2232415876,2.5156226806,2.1649502686,0.5613702998,1.5613386851,2.0343265746,2.5296279516,1.4632380892,1.6657640442,1.7673333835,1.6771400576,1.6394010498,1.441834608,2.7497999488,1.5524238692,2.4754957733,1.5549684518,1.7320023059,2.6830106778,2.8750750125,2.0153396567,2.1579468507,1.8181159853,2.3251120898,1.6293673104,1.5195747652,2.0367321646,1.9283843525,1.6896016238,2.2952998503,1.2280999176,2.31525525,1.8652021804,2.1102567218,1.8358570192,2.2131919282,2.0442690665,2.0375880788,1.1109133066,1.3303316743,1.2109235594,2.3835450435,1.3861451953,1.6621315566,1.4482964786,1.4113472329,1.3782233449,1.2769229141,1.6145545132,2.3090212459,2.0472882549,1.4128664413,2.0628060667,1.4850939518,2.0101930369,2.5564961564,1.5460363248,1.0085861234,1.5698219007,2.9842655728,2.0356041582,2.462539562,1.678893701,2.5767411405,0.6728185119,1.6158192246,0.5645980282,1.254031149,1.5873580986,1.8949370744,1.3933253156,2.0237959264,0.6117324378,2.1607178553,2.1100080017,0.9860298917,2.1622573076,2.6012076298,2.5899576834,2.3756672572,2.4210358994,2.318877979,1.6868862873,2.3970909478,1.5639361071,2.05106821,1.8320336068,1.9947446468,1.7410891013,2.1442731286,2.3270447288,2.6112258861,0.7970714504,1.9633187558,2.2753215933,1.7568562256,2.2376214438,1.4616679486,1.9636022293,1.6595731192
1.9849600246,0.8117619898,1.0612037228,0.5516286728,0.8772321446,2.7830595483,0,2.1300701393,1.5351711304,1.5048618377,1.4573808338,1.9986122569,2.5330326925,1.7727150182,1.7719524469,1.1318766015,1.9529618023,1.1617781713,0.9590149316,1.8715863576,2.2042599544,1.558063881,1.4514536185,2.0048277639,1.7371262063,1.7732874475,1.1283447198,1.599951609,1.5504028756,1.0567245447,1.2439932356,1.5545786985,2.295785918,2.5151557903,2.2654627554,0.6329751642,2.04783029,1.7172248364,2.3935767462,1.354215127,1.5569553571,1.6393750058,1.7578985343,1.3532061856,1.3874359693,1.990209958,1.9816089958,1.8923934231,1.481077235,1.8233899653,1.6836184308,0.9291611184,1.7987131283,0.9056414017,2.9730426102,1.9142359495,0.9790417935,1.5506727193,1.7993450654,2.1472712959,1.9040841706,2.1259130574,2.4514352314,2.6555923809,1.432767145,2.1166632633,1.5421711034,2.1809905404,2.0014487584,1.4976486801,1.1937377409,1.1537920418,1.9202855798,1.3983275394,1.9360933194,2.1972349633,1.3526038071,2.149036095,0.9702689849,2.223556321,1.791457373,1.8069879365,1.4578619343,2.2135060061,1.6289114624,1.6895953731,1.0145417388,1.3788944136,1.1149228843,1.7589670424,1.5216826923,2.1531482923,1.6364239794,1.918194613,2.1243396656,1.8024052439,1.5742086095,1.7358568929,1.6493063819,2.2045670639,1.4983609982,2.2558642425,1.4321972592,1.8203977217,2.0062390758,2.1498093829,1.3249595231,2.1722137801,2.1801286644,1.4607533146,1.3143410454,1.5805060168,1.8479869869,1.5688084495,1.6721537513,2.6850149134,1.8491138179,2.5286076371,2.6923435301,2.0967923118,1.5625214791,2.1581197587,2.059144279,2.6207245077,1.9145231622,1.7126912336,2.188653701,1.9479840749,1.4695750436,1.4848091748,1.5128256852,1.6970984148,1.5902047552,2.2983369158,1.9151802696,2.3134500513,1.3940589597,1.5890504968,1.8419617897,2.1805061602,1.3953324121,1.264997826,1.5690462254,2.0790198949,1.3111227401,1.963812362,1.7691729064,1.640466615,2.4050224688,1.0562100091,2.166832668
0.6889382585,1.4968668627,1.4819672116,1.5943887319,1.9033518472,1.4734300378,2.1300701393,0,1.7996934515,1.6159613054,1.4004159151,1.5529667577,2.0109902457,1.0794044618,2.3870719582,2.529863996,2.3040320957,1.7352807353,2.7459919995,2.1747403952,1.4275614146,2.921094189,1.9911656678,2.0285583229,2.6330018971,2.5603566041,1.4677990326,1.8246458214,2.6967219705,2.7630579028,0.982060441,2.6117734246,1.575446964,1.6751546045,1.3661923013,1.99744833,2.8139729754,2.1908019675,1.546638914,1.8546940044,2.8197070519,2.7421297593,1.3789678562,1.9780289813,1.0221374594,2.9360293058,1.4622275887,2.9512301259,1.8321124891,1.3913239926,3.0485053294,1.5551947738,2.5487862886,2.6189619594,1.22488648,1.2550871425,1.614972996,1.3744448086,1.6831114053,1.0582998064,0.8499998388,1.0576124576,1.0132751903,1.3813356027,1.5039057748,1.3459904699,1.1513349779,1.1274140718,0.9896725581,2.3781822021,2.3099715902,2.8826524873,1.8881028501,1.6523328071,2.0899001279,1.514333436,1.9507458233,1.6807001339,2.0427151345,1.3194991575,2.2171437301,1.8538722926,1.4932337265,1.8288737555,1.4312940233,1.1364171056,2.6152408988,3.1309654877,1.8479222351,2.0389598806,2.442021343,1.7189539363,1.6405341375,2.5702858699,1.2107891148,2.8167923513,1.9551287026,1.8595790733,2.3074342338,1.1196878573,1.4881657102,1.7949032079,2.1759796987,2.1729838743,1.3531006216,1.6189440887,2.4858999481,1.0861883254,1.7824141869,1.522761764,1.9461425997,1.2862611046,2.2889634256,1.3407012718,2.0642238897,1.2383069092,0.8331299132,1.2289718786,1.6192955609,2.83193718,1.1734480978,1.3330486669,1.7036859617,1.9499444644,1.2633843007,1.4572822768,1.7245540917,2.0447001469,1.9268731941,1.9681983575,1.7303348172,1.5471168202,1.769240164,0.8070230683,2.1686095528,1.9084471214,3.0564773675,3.1075638078,2.8665154051,1.8624589,1.0766269161,2.8261537591,1.6695253454,1.6199910163,3.0684791132,2.3486781716,0.545524616,2.0876478734,2.0478422204,2.7523662274,0.6810897561
1.8310704665,1.6135391165,1.227763781,1.4790736098,1.7904352642,1.8562205336,1.5351711304,1.7996934515,0,1.0311490801,1.1080278732,2.2539627615,2.16817705,2.1143331522,2.132227706,1.3538479902,0.7129744807,0.4850098846,1.8313158361,1.3361585924,1.2409314485,2.000316876,0.949134963,2.2635927303,1.7526528454,1.7008033257,1.445152134,2.6207203236,1.6031430597,1.6973776827,1.1200545969,2.2032832086,2.8087713117,2.518687838,1.9779638435,1.6356192745,1.5730448895,1.8803824602,1.7717059327,1.5965742406,1.8510529415,1.5523086069,1.9038109146,1.8975980472,1.7680612943,1.4740176877,1.3588415898,1.5821843359,1.6461014887,2.3707965378,1.7312241097,1.7587412152,1.7354025207,1.4513929164,2.381894129,1.4454700886,1.505725195,1.4318083092,1.7498490035,1.5817904908,1.4582564821,1.5851145601,1.8218054464,1.9324977928,1.4594290732,1.8916316214,1.2863680577,1.4860055624,1.5149437482,1.28251955,1.3811296775,1.712507225,2.3029565706,0.6819372338,2.1116185385,2.8920779576,1.2879930438,2.4452293328,1.6096793956,2.3689278795,2.1318867836,0.8884224167,2.1000947539,2.5845762398,2.3039335219,1.515786347,1.2834900635,1.7660637186,1.3596452443,1.2579828489,1.5659385203,1.7962443375,2.2344684508,1.7583759868,1.7871447782,2.0279285894,1.6359202874,1.727393717,1.759948952,1.6400091522,2.0270898154,2.5669064508,1.4973112528,2.3749324759,1.9569528149,2.4248074812,1.9587341084,1.3509068614,1.5845638352,1.1426023738,1.4490440812,2.0072221468,2.009317434,1.3424901365,1.8514554895,2.1011054212,2.0325627446,1.8964352041,2.0050206101,1.7388116487,1.4862907573,1.5336161861,2.5327701149,2.2091217062,2.0468656592,2.0319343533,1.3486896035,2.2915667513,1.9460141929,1.9451894251,2.1895759847,1.9437883917,2.2111955284,1.6298232617,2.1382822762,1.809004638,1.9665215674,1.8791233903,1.7771599768,2.7454190231,0.7916793735,2.097604372,1.8115950314,1.1638985423,1.8697821105,2.1127025671,1.745072976,2.2261228595,1.5763819267,1.8084734009,1.6662652303
1.7312012415,1.2268347323,1.5077234506,2.024555805,2.2205874345,1.5566932143,1.5048618377,1.6159613054,1.0311490801,0,1.6557689123,2.334587564,1.8717104517,2.0234574173,2.5305352888,1.0173345819,1.1905017784,1.3529349292,1.5126867538,0.6815447132,0.7260472492,1.3873133127,0.4131895505,2.8137793596,1.3309193316,1.2406418611,0.8980396087,2.8522368804,2.0662942027,1.5326574826,1.5482746621,2.2184951468,2.6104895174,2.3230452895,1.2498099786,1.9709581972,1.7497669775,2.4756999566,1.0645485899,2.2612299487,1.3500966912,2.0769031876,2.0982316003,2.1536515532,1.5159450271,1.8777104955,0.5743824057,1.7470224444,2.2501610051,2.5376392126,1.6586038873,1.5942992926,2.4070610348,1.3463691881,2.0781637105,0.6426600308,1.7491375872,1.7063324174,0.7589057552,0.9228233259,0.852267752,0.913300553,1.3589146105,1.3506813752,1.9996266397,1.1396363119,1.6757468343,0.8692892751,1.3541343815,1.8775369577,1.7763469741,1.459882957,2.7683761633,0.4553072332,2.6160522582,2.9655819204,0.3933241631,2.4533483354,0.7731021088,2.2651866955,2.7210578606,0.4239256857,2.4154399948,3.003683826,2.5802759376,1.6162890711,1.4665387536,1.6192993874,0.8992195372,0.5189581385,0.8644141264,0.932559883,2.7122518924,1.3702393443,0.996917548,1.515799701,0.6424327823,0.7298848529,0.8809785155,0.9667044079,2.3373966913,2.7149864579,0.6436306143,2.8615625349,2.0025724288,2.4456897388,2.1880424959,0.9965708273,0.8217292883,1.482098153,2.1669324608,1.9830467334,2.6359611062,1.5540533852,2.432058832,1.829141169,1.8843819637,1.694220846,1.3759553128,1.8885925332,0.6428133968,0.8151718925,2.713708412,1.5889069684,2.2898366512,2.2121278323,0.726809656,2.7523587017,2.200598033,2.2230872507,2.4101091683,2.1609846152,2.5289768715,1.2203131912,2.6910886427,1.4453112451,1.696715248,1.6968019999,2.038702553,2.9944015744,1.2162225782,1.847604301,2.0789533546,1.1626531602,1.5341441946,2.4775805908,1.792884821,2.8001263711,1.8535047856,1.2785862362,1.3806607608
1.7803113435,1.0206100539,0.4426061429,1.5351286674,2.1860871786,1.3263335223,1.4573808338,1.4004159151,1.1080278732,1.6557689123,0,1.5313821085,1.9548768065,1.1717005935,2.9353570498,2.079165283,1.1671672802,0.7975500512,2.1044619426,1.5497061595,1.3214293345,2.2728190166,1.6038333687,2.6710315786,2.0451962206,1.9616359714,0.8064792639,2.7573224473,2.3121989456,2.0491038013,1.3658185518,2.7752985546,2.0402939148,1.8380612965,1.3939802911,1.9576962908,2.0085596732,2.4959050216,1.7045984675,2.3591127455,2.1268066075,2.2848419,1.1193743692,1.9293570024,0.7559575127,2.026533379,1.5913500881,2.0841897799,2.3481528295,1.9523751781,2.2045197776,1.0733991593,2.5781870333,1.7071474866,1.653356779,1.4707271157,0.8722871863,1.7156126655,1.4541747488,1.4878724141,1.2807104165,1.4654054398,1.7515138797,1.7566348977,2.141648921,1.292316379,1.8631582139,1.6124303659,1.3950008259,2.247919364,2.2525381758,2.0448008016,2.4833348049,1.586674665,2.4114624525,2.5229752995,1.7083747774,1.7976945191,1.4105037371,1.9368943621,2.5791413404,1.3016771394,1.6297572958,2.7366439494,1.9059545775,1.2233724741,1.6533106127,2.3611018816,1.0856522901,1.5781123619,1.9815745917,1.7276206679,2.3367609312,1.9543192456,1.39060813,2.360605362,1.6087282236,1.5681843117,1.8907306255,1.527184138,1.5142390056,2.0033812126,1.820721091,2.6633079614,1.1777088303,1.7096457352,2.5398853115,1.3969590613,1.6051468142,0.6973209058,2.2387750738,1.3022559497,2.7159310598,0.9532727744,2.4222071515,1.3553431946,1.1245244904,1.1564652589,1.7635654781,2.165572571,1.1183166805,1.6608217193,2.0079445783,1.9061673568,1.792197841,1.4807596775,1.3685335004,2.3402059894,1.8845888466,1.9342044219,1.9406273618,1.7219006456,2.1861381539,1.6376079889,2.7849671882,1.5999292092,2.5234201036,2.3492560235,2.4478737407,2.4754029466,1.3066304863,2.555520976,1.8037083419,0.710279221,2.449150148,2.9093413771,1.838265006,2.5986451559,1.5332671376,2.0729289648,1.7090857806
1.0651512381,1.4802447911,1.4281239906,1.7471244787,1.7393507063,1.9262059661,1.9986122569,1.5529667577,2.2539627615,2.334587564,1.5313821085,0,1.9380356657,0.5566953323,2.0432692415,2.9068496009,2.5944026877,1.8718120099,2.5031859536,2.3542673828,1.6347808016,2.8330933464,2.5715180117,1.5177977015,2.6951750272,2.7110998916,2.0030031777,1.4757247423,2.2485833241,2.5350699307,1.5274289409,1.9708216104,0.7565968511,0.5285803946,1.8270869584,1.9895178457,2.7725383165,1.4010486918,1.606057702,1.431935099,2.8973086436,2.3281362088,0.4121821765,1.1577849832,1.0935369991,2.7748972476,1.8829959429,2.7558828127,1.3234246745,0.7390735668,2.7656197759,1.1470071984,1.9734926593,2.7144197876,1.8486413262,1.9042591221,1.0955258126,1.1452036762,2.2393152122,1.6666425539,1.8711193573,1.6902443574,1.2397349471,1.3105453289,1.2838437046,1.9376351242,1.3118456393,1.6153604896,1.0627312006,2.0631583663,1.9210165255,2.6594352786,1.3133291181,2.3788577116,1.2210693885,1.6062812276,2.6310477861,0.2776460548,2.5286647449,0.5947888009,1.3251246835,2.1958330039,0.7326364303,1.4448120124,0.8497584857,0.8448352869,2.6789950654,2.59835135,2.3829564688,2.3537419817,2.8564072145,1.9383957015,0.993629562,2.8208120214,1.7945182651,2.6349163389,2.5213910733,2.3648110576,2.6982251522,1.6346283966,0.6100388059,0.4823207774,2.7307911548,1.2572766056,0.4598506121,0.1859456806,1.8751549288,1.3803375436,1.8803916935,1.1150776375,1.607628744,0.5871620814,1.6494564892,0.9241809546,1.310714597,1.3280336046,0.7750521244,1.3652499304,1.3995377439,2.5930087792,2.1634966173,1.7026808061,0.5662634484,2.2778407301,0.6498072648,0.3968466058,1.797525576,0.9658527834,0.9950732663,1.0345743311,0.97147505,0.6975739615,1.2035653715,1.3693325168,1.7824825519,2.1374598099,2.5041777963,2.676951211,2.5234861651,0.9584010395,1.7740294303,2.2613526087,0.9092323115,1.6050951892,2.6318219235,2.1294882426,1.2805192103,1.2183528234,2.3369386838,2.7726521411,1.2713215949
1.8324006207,2.8488017887,2.3805942041,2.8601055762,2.4108390892,0.9817370006,2.5330326925,2.0109902457,2.16817705,1.8717104517,1.9548768065,1.9380356657,0,2.4156045313,1.2959449036,1.5050944268,1.5540802486,2.3606551802,1.6508131657,1.2159817874,1.9542680876,1.0446835393,1.6002623222,1.8968909289,0.8023722726,0.7866615569,2.2609774404,1.5501907242,1.5944038713,1.5901457493,2.7277692388,1.6136525121,1.4439695079,1.4699780402,1.3522569901,2.4225463291,1.4845990331,2.1725140945,1.693298843,2.4416136451,1.1404695491,1.5791299965,2.2434109505,2.5206426367,2.4415479239,1.5593465717,1.9142955852,1.3793993274,2.4806736857,2.0002300961,1.2150189832,2.9699060645,1.7129396427,1.7671320519,1.1663148691,1.9887214927,2.8039391357,2.8887090927,1.8658907795,1.788569038,1.9849149706,1.7896464076,1.5552567258,1.4705127279,2.7042649948,1.4648096914,2.9014542296,1.8771160854,1.9547306191,2.0461165907,2.2194664831,1.4789885985,2.0935469642,2.0466706946,2.2394753442,1.8589639627,1.6269105563,1.7397793929,1.867294623,1.5473873035,2.1615625648,1.5917330515,2.3481009957,1.9485619803,2.2109644958,2.1697466309,1.817297179,1.3921552627,2.0991754975,1.3714150311,1.1684254833,1.7925891856,1.8889417382,1.3121836591,1.6236628274,0.9170534481,1.6046156688,1.6879235112,1.2815330304,1.7282729425,2.3001917833,1.7224032709,1.4167654979,1.9470228356,2.0646435633,1.7965076516,1.8442442212,2.0162653961,1.6355572548,2.3875503218,2.3303786685,2.5079994196,1.8532713709,2.3781427868,2.2972318894,1.6156369785,2.4569982506,1.5365453176,1.481374472,1.4657560683,2.1062662658,1.8723072509,1.8603186024,0.9207093706,2.1852164756,2.0944800387,1.6531613839,2.0141082342,2.589032662,2.572609934,2.445373932,2.4218085078,2.2875627714,1.7576925202,1.6862239146,1.3333151996,1.3331388506,1.1696552829,1.3022639353,1.533245735,2.7501254339,1.5925313385,2.5889321006,1.5540238277,1.316914746,1.3948474005,2.0974376555,2.0037328343,1.0246713109,1.4828858445,1.7913650956
1.4748641261,1.0831319903,1.0607265536,1.6965734957,1.7626618459,1.7346939152,1.7727150182,1.0794044618,2.1143331522,2.0234574173,1.1717005935,0.5566953323,2.4156045313,0,2.3080943789,2.5298157945,2.324488639,1.696332524,2.5662240724,2.301009638,1.7391367673,3.0518139029,2.2964232635,1.7712957585,2.957995824,2.846092788,1.524257761,1.667035159,2.2709583945,2.5661115131,1.6295735634,2.191249376,1.0570024982,0.9458050775,2.1066837715,1.9647167183,3.1062076941,1.5235819251,1.8160841416,1.4245678205,2.975837636,2.3259198927,0.3716510044,1.1970076131,0.5887569049,2.921609283,2.0245654811,2.9454360322,1.3274000694,1.1470322432,2.8541069375,0.8498019104,2.0344431143,2.4638012922,1.6924620571,1.9418878468,0.8481865014,0.8824321782,2.2202782212,1.886079773,1.5582809231,1.873255541,1.6048036432,1.6162067457,1.1490711096,2.0263006828,0.9990960813,1.85751609,1.3349259518,1.952969877,1.7960297186,2.6870579812,1.585601126,1.9018456814,1.4328493384,1.9473616952,2.2437442158,0.8137492046,2.0899540099,1.144328522,1.5488538432,2.1467062222,0.9469334094,1.8071906281,1.1649648329,1.0557158311,2.507411815,2.8227225492,1.9320485025,2.3326497297,2.7221041604,2.1171993741,1.1666202374,2.9029441467,1.9702359377,3.0527826255,2.3547985292,2.3472574956,2.677206333,1.9184214307,0.8277665906,0.9248882091,2.4727672249,1.568158738,0.508630898,0.6909071448,2.0215886948,1.5878732784,1.9794985619,1.030505114,1.5635134871,0.3157051625,1.8163688858,0.9778902093,1.4165713319,1.231681986,0.2481234457,1.2148458984,1.6503257864,3.0086701626,1.618879507,1.9120725377,0.9977564965,2.2143998905,0.6259971474,0.7410671789,1.8478919886,1.2600828067,1.0574646573,1.1072116228,1.1533385942,0.694362108,1.4098340305,1.7061893158,1.9747733445,2.420191763,2.7060524999,2.7518663676,2.5673403243,1.410618373,1.6450903653,2.4508401207,0.8767215004,1.4255362955,2.7986080216,2.290230962,1.5188476274,1.4637718119,2.5599563711,2.6635931223,1.6345358549
2.4003383854,2.1440437599,2.6168879231,1.6679582279,1.4276284224,2.0568129946,1.7719524469,2.3870719582,2.132227706,2.5305352888,2.9353570498,2.0432692415,1.2959449036,2.3080943789,0,1.95742664,2.0357190307,2.4125748984,1.5805053342,2.0309869485,2.7835006937,1.1984042771,2.3335133865,1.1050226974,1.4272279096,1.4791179424,2.562715114,0.6704183311,0.8705789831,1.4128658177,2.254718405,1.2804599094,1.3587221293,1.6593058785,2.4732739845,1.5757729841,1.1211638631,1.3134809378,2.583719587,1.6469560703,1.1975316672,0.7888906457,2.3887936003,1.3695458924,2.5981743749,1.0129274999,2.5916978983,0.9496648494,1.6306775739,1.8328350291,0.9115268495,2.0427009159,0.7541229427,1.5902968425,2.0313162766,2.7199151175,2.2229861828,1.8968882299,2.2380167415,2.8404041247,3.0871578616,2.8509418833,2.4792181702,2.3389768532,1.8887469925,2.611721516,2.1524754702,2.8756514351,2.7211780945,0.9426136152,0.9920953084,1.3503741799,1.2490206503,2.2467666598,1.3868536108,1.3188933626,2.154801194,1.8729933362,2.0393898182,1.9753931361,1.429399508,2.4805778919,1.8168501775,1.339814689,1.6754930129,2.5476283671,1.4945187539,1.7056976892,2.1420038839,2.1304448107,1.6953359426,2.3013500174,1.3200199691,1.3439737752,2.7226791017,1.0223459255,1.9991664502,2.0720212031,1.6790575174,2.7653789322,1.9734717405,1.6893181809,1.8891069311,1.6168959667,2.2590389125,1.8681676443,1.3998583347,2.8951927687,2.3244967609,2.7462298166,1.5111288445,2.2498053633,1.0168434772,2.6450368259,1.4434573655,2.2424136352,2.3285966506,2.4571226035,2.2823413572,1.13210197,2.7589260642,2.7160890289,1.8986069823,1.5891032544,1.8031177326,2.2153120727,2.4793776808,1.7553511515,1.5214740956,1.4754302061,1.4916444264,1.9355108894,1.2580427244,2.7278917668,0.8003584546,2.151118411,1.4805579185,0.9409390238,0.5912148672,1.4975118334,2.5718858138,1.5570881187,1.7269592256,2.7075508221,1.5103954639,0.5030295633,2.156776315,1.5229063778,2.0920982766,1.601010316,2.713175117
2.7314819667,1.4753220963,1.8490474673,1.6452795016,1.4388656873,1.8299970337,1.1318766015,2.529863996,1.3538479902,1.0173345819,2.079165283,2.9068496009,1.5050944268,2.5298157945,1.95742664,0,1.0193120358,1.813114158,0.659693895,0.9982939582,1.6596951995,0.831032202,0.6710964232,1.9306370972,0.7255185485,0.7526642317,1.4113605593,2.0835910418,1.3913758983,0.7840665521,2.3314093519,1.2518770933,2.7536925532,2.8595915444,2.1146286638,1.2569854568,1.5768252026,1.8627149123,1.9331552307,1.7858822273,0.9385805622,1.4740129566,2.6693188699,2.0770775739,2.0514244801,1.493715262,1.5132177615,1.5400251921,1.898722519,2.783080461,1.2184456589,1.7780852788,1.6885042905,0.8440724826,2.3353129774,1.6201975916,1.9354112663,2.0157420201,1.4708903375,1.9198025436,1.8360292467,1.9082824529,2.3617543214,2.2818929439,2.0709749418,1.9935637581,2.1560137128,1.8701112604,2.340361891,1.570361253,1.445727632,0.7722190782,2.1172331628,0.9514441069,2.041656837,2.2669108722,0.7578741693,2.8875696677,0.8075962854,3.0205647933,1.8631499392,1.0319075852,2.4346493304,2.026020675,2.5778521157,2.5443956679,1.0478786006,0.6131946895,1.1972641138,0.9587475583,0.6597496905,1.6917464415,2.1442104571,1.4303224685,1.9319565557,1.0946718162,1.0984874009,1.3133031616,0.9955833444,1.9521419365,2.4906774273,2.6254979377,0.7500118432,1.8771596169,2.8224929689,2.9260551006,1.259595958,1.9909621119,1.571224267,2.2462244461,1.7102027092,2.3562465821,1.7643241445,2.4111245991,1.9041126248,2.393152327,2.5000723949,2.237535492,2.231158163,1.5145854382,1.5244753629,1.7697368267,2.6095307067,1.777185114,2.5738851137,2.7144656861,1.5191791782,2.1521510846,2.2110264417,2.2126084668,2.3472603539,2.4102126975,2.35571557,2.2375682103,1.8424582712,1.76819278,0.7148783762,1.0568402068,1.4683583351,2.2907223578,1.9532970273,0.8519550755,2.237037531,1.7103767302,0.5722725436,1.7193014576,2.7438475798,1.848655323,1.3369246726,0.4652018382,2.3946352283
2.4019719905,1.9602428196,1.449181576,2.0674601396,2.2677841763,1.5412218946,1.9529618023,2.3040320957,0.7129744807,1.1905017784,1.1671672802,2.5944026877,1.5540802486,2.324488639,2.0357190307,1.0193120358,0,1.0090140364,1.643909044,1.1191918238,1.4789914932,1.5859588714,0.8681593685,2.5707886611,1.2083771155,1.1832094083,1.3970879766,2.4926075596,1.7525018137,1.7724541347,1.793010815,1.9843407605,2.7903813035,2.7183251797,1.4388916551,2.146593175,1.1862228983,2.2963572246,1.8617296312,2.1245215226,1.7094319441,1.6462839594,2.2023409248,2.28090012,1.9069781823,1.1519925717,1.5494485687,1.32883249,2.173828093,2.911334773,1.6266868427,2.1026278156,1.9283855476,1.6017850184,2.0596075106,1.7248931689,1.8854395204,2.0101447205,1.471542578,1.8737214837,1.9035352681,1.8547977045,2.0850915088,1.9666950925,2.0681946069,1.3931105055,1.952199565,1.8251339565,1.9789857685,1.4606685792,1.5584948266,1.7388306984,2.6533481525,0.9613648711,2.53251844,2.6753321279,1.2349407106,2.8305042561,1.5994586518,2.7383999557,2.5594296095,0.8938749096,2.6158680525,2.5793816434,2.8594109984,2.0030193719,1.4201551715,1.2445813241,1.2700438152,1.1213323797,1.2447439958,1.6563378026,2.8052676503,1.380304194,1.6322467089,1.7476226855,1.5837161485,1.5146102087,1.5379912151,1.850491981,2.5168690172,3.0742126109,1.3209949024,2.5194059908,2.1996328987,2.7653105942,2.0998461268,1.7497750316,1.6158935707,1.5363544505,1.9348655493,2.455610914,2.3096943214,1.781291978,2.3116801022,2.0075276489,2.2704835812,1.7933753447,1.928762317,1.2727982832,1.6692963498,1.7788165055,3.0612227747,1.8745083614,2.7012641264,2.4839207194,1.4145968307,2.8000121875,2.3835414376,2.3732637799,2.5890979655,2.5029890867,2.5518906501,2.0943694227,2.3511007587,1.1820990238,1.4435899573,1.8698383756,1.752925665,2.7737597911,1.4809499735,1.6261237177,2.3275201551,1.1292012153,1.3801021012,2.1995562236,2.388937327,2.5458076061,0.8768921495,1.4561313562,2.1858118791
1.6099362267,1.258132482,0.7861408541,1.1080558401,1.5993420986,1.8667868999,1.1617781713,1.7352807353,0.4850098846,1.3529349292,0.7975500512,1.8718120099,2.3606551802,1.696332524,2.4125748984,1.813114158,1.0090140364,0,1.6988500143,1.5979628212,1.2879125407,1.9970041984,1.3448571607,2.4032879847,2.1090704714,2.042621836,1.1345275059,2.3759011141,1.7291870848,1.6207049254,0.855310611,2.1965446593,2.5133498595,2.2176787288,1.9223849896,1.412636214,1.7888896483,1.9840940628,1.8050301546,1.615639746,1.8691430539,1.7168312339,1.5132477806,2.0002732098,1.3364479879,1.7213863652,1.5001547104,1.7719639669,1.6950216582,1.9853030648,1.8390126124,1.2741582351,1.9204188879,1.3384114895,2.3182459319,1.585896773,1.0254841191,1.5981615207,1.7705431714,1.6316584977,1.5580301969,1.6422427921,1.7289730704,1.8723840067,1.4899971105,1.8099935177,1.3319016501,1.5246321312,1.3307508725,1.5746525881,1.7333386242,1.6562887177,2.4545507391,1.0951997418,2.2271001648,2.625132386,1.6603423972,2.0757798751,1.3875571174,2.0566218206,2.1987403149,1.1601646697,1.6724776693,2.6918524762,1.8989980329,1.2096973112,1.2326178086,2.1963357236,1.1567676232,1.5412724205,1.933597606,1.9257736191,2.1378751655,1.8604253129,1.8714023002,2.0944072764,1.762438198,1.7931902324,1.9035261469,1.6810995534,1.6030877104,2.3073699532,1.86122411,2.380828997,1.6195536955,2.0510476096,1.9294785525,1.2920078236,1.7045555409,0.7882286544,1.4972954241,1.7091198866,2.1430304611,1.0073676435,1.9369253208,1.9574970714,1.7511119617,1.7597343506,1.9658722178,1.9910673689,1.6302394769,1.6067651308,2.207719124,2.3264564158,2.0520683506,1.6383130539,1.4482796415,2.3424951635,2.0175452384,2.0557166796,1.9863744094,2.0426139526,2.1702589917,1.5610658503,2.3153455595,1.8904473772,2.2046380316,1.9388295725,1.9536029851,2.6804205111,0.671583555,2.0951127041,1.9836540796,1.0961525997,2.1080967091,2.3064447056,1.5205155191,2.1963659353,1.7572699361,1.7740005506,1.5447795828
2.8234052058,1.6114598393,1.8209471981,1.3555559893,0.965631625,2.2181743377,0.9590149316,2.7459919995,1.8313158361,1.5126867538,2.1044619426,2.5031859536,1.6508131657,2.5662240724,1.5805053342,0.659693895,1.643909044,1.6988500143,0,1.4525014278,2.1634693712,0.7286336148,1.2594435165,1.3909641442,0.9129530314,0.9945168531,1.5357528806,1.8363198018,0.8251929277,0.2255882384,1.9720120618,0.7709062851,2.4318298631,2.6167364894,2.3507865837,0.7958282445,1.5235731634,1.2388530098,2.3000410686,1.1517107612,0.8158652496,0.9397547769,2.6947517273,1.8566632509,2.1993264419,1.4828118811,1.9474046066,1.2795503978,1.2623411337,2.2359758005,0.9255828503,1.8460324503,1.1026322479,0.473008906,2.6181695385,2.012430679,1.9054338089,1.8501723744,1.7205960323,2.3112370432,2.2228208014,2.2945457662,2.7747888446,2.658189731,1.4492693639,2.223435964,1.7565349656,2.2971797344,2.8313529567,1.3749444034,1.6713845285,0.3436283317,1.5641436197,1.5219060315,1.4504935569,1.8715793402,1.1715438428,2.3681914469,0.9279219161,2.5472102614,1.2901617821,1.6164217796,2.3490067715,1.5609922203,2.2027351545,2.5790659139,0.6367317355,0.6197295178,1.2385798382,1.4300409767,0.9604723337,1.9948180423,1.6702882754,1.3963827282,2.2469971997,0.9881548928,1.3512957879,1.5552234736,1.1879442781,2.335012605,2.44772434,2.1177635089,1.0678693231,1.3791795888,2.9052895024,2.3998966644,0.6773892176,2.4920565742,1.9589053679,2.2875320047,1.0573609643,2.3633154867,1.1801513609,2.4430872787,1.2772935834,2.8057665466,2.6152493463,2.692760805,2.5813787987,1.7235777064,1.8408209225,2.1754480824,2.0719077732,1.9728236737,2.0143774247,2.571963744,1.9911159767,1.6039175302,1.8699728034,1.8299123045,1.9693578495,1.9647956318,1.8064827388,2.673441671,1.3068484427,2.1062446614,0.5102159966,0.7140185892,1.0422771971,1.8579839815,1.9857767383,0.4763834211,1.8490828687,2.2919346797,0.4206551703,1.247125481,2.5495245723,1.3313025543,1.713112552,0.2751740498,2.8477653949
2.0936060566,1.8387367883,1.9486411091,2.4210984658,2.3669350155,0.9702925292,1.8715863576,2.1747403952,1.3361585924,0.6815447132,1.5497061595,2.3542673828,1.2159817874,2.301009638,2.0309869485,0.9982939582,1.1191918238,1.5979628212,1.4525014278,0,0.8642154723,1.0077619579,0.5779925498,2.5491762041,0.8657881852,0.7393728414,1.3857354069,2.545228002,1.8117934077,1.4215607165,2.0006870478,1.9891203272,2.4681858805,2.2679394378,1.3931879603,2.1455954466,1.4016030883,2.5681969651,1.0419614315,2.5659890384,0.9918982395,1.8001941867,2.0905583266,2.7377747318,2.1659139105,1.5500739547,0.7602020837,1.3885122947,2.669055191,2.788921279,1.2933233022,2.2155838146,2.1316804207,1.347321098,1.4929178801,0.979912046,2.2480672935,2.3547266344,0.8329393851,1.2397664198,1.3556446268,1.2375261206,1.5850206979,1.4000680579,2.6059573997,1.3265938845,2.3078367613,1.1532971772,1.6133621511,2.2670118895,2.2041947746,1.3004551663,2.7635326409,0.9831719362,2.7601738887,2.4554247527,0.5534666283,2.5159169456,0.993181742,2.4376296558,2.625640011,0.4788149808,2.6747823499,2.6293655245,2.8559267735,1.8458920186,1.4437945184,1.4410368666,1.1744656346,0.1649216814,0.5104498594,0.846684092,2.9316786963,0.9954171506,1.2385688877,1.045091049,0.5945785384,0.6874498751,0.5361256621,1.2322297296,2.5358981018,2.7604823491,0.4911896585,2.7189805707,1.9346542803,2.4590655554,2.054107423,1.2664711699,0.6456751821,1.6107571664,2.421793351,2.5344321891,2.3710584368,1.7253187756,2.6467190284,1.4257706248,2.2724128573,1.2932530934,1.2999013142,1.4862144461,1.1697811624,0.9892662346,2.8470648446,0.9754582539,2.8197115681,2.3646651314,0.6055404846,2.9008566394,2.8134601121,2.8291806215,3.011778085,2.8244281188,2.9809491458,1.5628798672,2.3394787846,1.3487188188,1.4709009174,1.3440232308,1.6569370999,2.4600125202,1.7025618044,1.7039144589,2.7205273422,0.9202698612,1.3242637551,2.0624990279,2.2464241237,2.7367785068,1.4525035027,1.1775034352,1.7491529165
